GPCC_TRISOUP_BlueSpin_r01_geometry: -3.792735076248 
GPCC_TRISOUP_BlueSpin_r02_geometry: 3.88240537616 
GPCC_TRISOUP_BlueSpin_r03_geometry: 8.891416145400001 
GPCC_TRISOUP_BlueSpin_r04_geometry: 10.9681223792 
GPCC_TRISOUP_FlowerDance_r01_geometry: -4.39380423236 
GPCC_TRISOUP_FlowerDance_r02_geometry: 3.3404723445199997 
GPCC_TRISOUP_FlowerDance_r03_geometry: 8.7281541474 
GPCC_TRISOUP_FlowerDance_r04_geometry: 10.91337796 
GPCC_TRISOUP_CasualSquat_r01_geometry: -3.75360492788 
GPCC_TRISOUP_CasualSquat_r02_geometry: 4.04651113252 
GPCC_TRISOUP_CasualSquat_r03_geometry: 8.78256314556 
GPCC_TRISOUP_CasualSquat_r04_geometry: 10.8431652108 
GPCC_TRISOUP_ReadyForWinter_r01_geometry: -4.1746414740799995 
GPCC_TRISOUP_ReadyForWinter_r02_geometry: 3.4119856976 
GPCC_TRISOUP_ReadyForWinter_r03_geometry: 8.891454092560002 
GPCC_TRISOUP_ReadyForWinter_r04_geometry: 10.998861294400001 
