GPCC_OCTREE_BlueSpin_r03_geometry: -1.7528400527599999 
GPCC_OCTREE_BlueSpin_r04_geometry: 3.01425853596 
GPCC_OCTREE_BlueSpin_r05_geometry: 7.78958502824 
GPCC_OCTREE_FlowerDance_r03_geometry: -1.734006221 
GPCC_OCTREE_FlowerDance_r04_geometry: 3.0369295461600005 
GPCC_OCTREE_FlowerDance_r05_geometry: 7.80841888456 
GPCC_OCTREE_CasualSquat_r03_geometry: -1.7508477137200003 
GPCC_OCTREE_CasualSquat_r04_geometry: 2.99426529708 
GPCC_OCTREE_CasualSquat_r05_geometry: 7.79157738516 
GPCC_OCTREE_ReadyForWinter_r03_geometry: -1.75291210128 
GPCC_OCTREE_ReadyForWinter_r04_geometry: 2.9858098774 
GPCC_OCTREE_ReadyForWinter_r05_geometry: 7.7895130002799995 
