GPCC_TRISOUP_BlueSpin_r01_color: 33.2100758596 
GPCC_TRISOUP_BlueSpin_r02_color: 38.027947749300004 
GPCC_TRISOUP_BlueSpin_r03_color: 41.663919802749994 
GPCC_TRISOUP_BlueSpin_r04_color: 44.1678385123 
GPCC_TRISOUP_FlowerDance_r01_color: 27.96984166265 
GPCC_TRISOUP_FlowerDance_r02_color: 31.75853062535 
GPCC_TRISOUP_FlowerDance_r03_color: 35.4027211337 
GPCC_TRISOUP_FlowerDance_r04_color: 38.216248653950004 
GPCC_TRISOUP_CasualSquat_r01_color: 26.142529778249997 
GPCC_TRISOUP_CasualSquat_r02_color: 29.71231122345 
GPCC_TRISOUP_CasualSquat_r03_color: 32.6628973768 
GPCC_TRISOUP_CasualSquat_r04_color: 34.963613813150005 
GPCC_TRISOUP_ReadyForWinter_r01_color: 33.5361543407 
GPCC_TRISOUP_ReadyForWinter_r02_color: 37.61302026425 
GPCC_TRISOUP_ReadyForWinter_r03_color: 40.983411850349995 
GPCC_TRISOUP_ReadyForWinter_r04_color: 43.71205470465 
