GPCC_OCTREE_BlueSpin_r03_color: 32.5639225362 
GPCC_OCTREE_BlueSpin_r04_color: 37.7783007239 
GPCC_OCTREE_BlueSpin_r05_color: 41.2244442965 
GPCC_OCTREE_FlowerDance_r03_color: 26.37934586845 
GPCC_OCTREE_FlowerDance_r04_color: 30.509760019499996 
GPCC_OCTREE_FlowerDance_r05_color: 34.13071163725 
GPCC_OCTREE_CasualSquat_r03_color: 23.6076054354 
GPCC_OCTREE_CasualSquat_r04_color: 27.07623403625 
GPCC_OCTREE_CasualSquat_r05_color: 30.541825760650003 
GPCC_OCTREE_ReadyForWinter_r03_color: 33.041991306099995 
GPCC_OCTREE_ReadyForWinter_r04_color: 37.33985639109999 
GPCC_OCTREE_ReadyForWinter_r05_color: 40.5980475766 
